================================================================================
       發音錯誤檢測之分類效能比較 (以 MCC 分數排序)
================================================================================
                Method  Accuracy  Precision   Recall  F1-Score      MCC
              kurtosis  0.661284   0.160985 0.422185  0.233090 0.081851
              skewness  0.700848   0.163859 0.354305  0.224084 0.076690
         gmm_weights_0  0.796730   0.186625 0.198675  0.192462 0.076373
            gmm_vars_0  0.589221   0.145617 0.486755  0.224171 0.060064
            gmm_vars_1  0.648365   0.146584 0.390728  0.213189 0.052300
         autocorr_lag1  0.699435   0.149644 0.312914  0.202464 0.049562
        logit_variance  0.183690   0.125924 0.958609  0.222607 0.043964
     mean_logit_margin  0.129996   0.122761 0.998344  0.218637 0.027728
           gmm_means_0  0.124142   0.122193 1.000000  0.217775 0.017578
         gmm_weights_1  0.855268   0.144654 0.038079  0.060288 0.012652
                evt_k3  0.124748   0.122114 0.998344  0.217611 0.010338
prosetrior_probability  0.144933   0.122453 0.975166  0.217584 0.009389
          entropy_mean  0.122124   0.121946 1.000000  0.217383 0.005295
           gmm_means_1  0.123738   0.121991 0.998344  0.217415 0.004471
             max_logit  0.147961   0.122048 0.966887  0.216738 0.002055
================================================================================